107.6040 332.6060 1.0000
115.1970 361.6860 1.0000
125.2060 388.7230 1.0000
136.8470 414.6890 1.0000
150.8100 439.8160 1.0000
170.3880 462.7270 1.0000
194.5110 482.7030 1.0000
222.8650 498.9780 1.0000
256.5050 500.0560 1.0000
289.2000 487.8420 1.0000
316.8250 462.5700 1.0000
341.0270 436.5330 1.0000
358.7270 408.9820 1.0000
368.7740 380.7420 1.0000
374.3400 352.9850 1.0000
377.5600 325.7270 1.0000
378.8010 296.5410 1.0000
125.5760 322.4820 1.0000
136.5830 298.9940 1.0000
160.4660 287.3330 1.0000
187.6540 286.3200 1.0000
212.7370 293.7260 1.0000
266.5240 290.5750 1.0000
290.9430 276.2970 1.0000
316.1150 268.0530 1.0000
340.7020 269.7100 1.0000
353.6560 288.7850 1.0000
243.4450 308.3120 1.0000
243.8510 332.2460 1.0000
244.2340 356.0530 1.0000
244.7530 380.2470 1.0000
214.7810 381.0770 1.0000
229.7620 387.5780 1.0000
246.4750 392.4860 1.0000
262.8890 385.0400 1.0000
277.0770 377.4960 1.0000
159.9540 325.7330 1.0000
170.8550 315.4020 1.0000
185.5690 311.2760 1.0000
199.5700 316.8930 1.0000
188.4690 323.9520 1.0000
173.8650 328.3040 1.0000
284.4090 310.4260 1.0000
297.3580 302.1570 1.0000
311.7730 303.5490 1.0000
323.9420 311.1560 1.0000
311.9660 315.0740 1.0000
297.7370 314.2490 1.0000
188.2390 412.1260 1.0000
216.4960 410.0300 1.0000
240.8730 407.7990 1.0000
256.2260 409.9250 1.0000
272.9240 403.8850 1.0000
292.8040 400.6670 1.0000
311.8760 396.5310 1.0000
295.2230 423.8090 1.0000
276.4430 438.3920 1.0000
258.4830 443.1660 1.0000
241.6870 443.2990 1.0000
216.4950 435.0400 1.0000
197.2040 414.6390 1.0000
240.8920 416.3730 1.0000
256.5820 416.7820 1.0000
273.5760 411.9450 1.0000
304.4870 401.0930 1.0000
274.4420 421.3050 1.0000
257.1780 426.5800 1.0000
241.1560 426.4720 1.0000
