-0.8000 0.1019 -0.8557
-0.7567 0.2770 -0.8711
-0.6980 0.4411 -0.8871
-0.6279 0.5983 -0.8835
-0.5427 0.7491 -0.8138
-0.4247 0.8850 -0.6631
-0.2818 1.0022 -0.4768
-0.1161 1.0968 -0.2967
0.0849 1.1336 -0.2114
0.2869 1.0563 -0.3033
0.4388 0.8880 -0.4839
0.5841 0.7367 -0.6684
0.6906 0.5749 -0.8159
0.7503 0.4062 -0.8807
0.7804 0.2386 -0.8824
0.7959 0.0735 -0.8666
0.8000 -0.1019 -0.8501
-0.6981 0.0541 -0.0738
-0.6254 -0.0880 0.0527
-0.4787 -0.1588 0.1346
-0.3129 -0.1625 0.1808
-0.1624 -0.1125 0.1918
0.1325 -0.1333 0.1986
0.2811 -0.2130 0.1886
0.4299 -0.2613 0.1452
0.5751 -0.2584 0.0664
0.6567 -0.1548 -0.0619
-0.0004 -0.0277 0.1415
0.0057 0.1151 0.2018
0.0115 0.2572 0.2893
0.0182 0.4012 0.2894
-0.1539 0.4066 0.0735
-0.0667 0.4428 0.1024
0.0304 0.4695 0.1173
0.1241 0.4246 0.1016
0.2052 0.3798 0.0713
-0.4947 0.0831 -0.0058
-0.4342 0.0154 0.0834
-0.3468 -0.0104 0.0888
-0.2582 0.0249 0.0487
-0.3273 0.0645 0.0764
-0.4137 0.0921 0.0570
0.2535 -0.0154 0.0574
0.3270 -0.0651 0.0997
0.4148 -0.0563 0.0966
0.4928 -0.0106 0.0058
0.4171 0.0134 0.0661
0.3308 0.0087 0.0849
-0.3246 0.5893 -0.1399
-0.1766 0.6308 0.0106
-0.0121 0.6272 0.1013
0.0789 0.6416 0.1112
0.1918 0.5946 0.1024
0.3048 0.5697 0.0080
0.4058 0.4859 -0.1486
0.3152 0.6204 -0.0193
0.2216 0.6969 0.0498
0.0968 0.7264 0.0609
-0.0161 0.7242 0.0515
-0.1593 0.6840 -0.0166
-0.1469 0.6404 -0.1429
-0.0114 0.6612 0.0396
0.0873 0.6582 0.0642
0.1954 0.6344 0.0391
0.2869 0.5869 -0.1528
0.2011 0.6463 0.0391
0.0887 0.6760 0.0642
-0.0085 0.6775 0.0396
