17 1 0
1 17 36
0 69 18
69 0 70
69 68 77
9 57 56
57 9 8
1 70 0
70 1 2
58 7 6
7 58 8
70 2 71
2 1 36
3 48 4
48 3 2
3 71 2
71 3 4
62 61 51
61 62 67
71 4 5
38 40 37
40 38 39
71 6 72
6 71 5
5 4 48
39 27 28
27 39 21
72 6 73
6 5 59
39 29 31
29 39 28
73 6 7
10 74 9
74 10 11
8 73 7
73 8 9
9 74 73
75 11 12
11 75 74
10 9 56
37 40 41
11 10 55
36 18 37
18 36 17
75 12 13
12 11 54
37 18 19
75 13 14
13 12 54
48 2 41
75 14 15
14 13 54
2 36 41
75 15 16
15 14 45
54 46 14
46 54 35
16 76 75
76 16 25
16 15 26
25 44 24
44 25 45
0 18 17
35 29 42
29 35 34
18 69 19
42 27 22
27 42 28
19 69 77
44 46 47
46 44 45
77 20 19
20 77 78
20 23 22
23 20 78
19 20 38
20 21 39
21 20 22
42 29 28
44 47 43
21 22 27
43 23 44
23 43 22
23 24 44
24 23 78
79 24 78
24 79 25
25 16 26
76 25 79
26 15 45
25 26 45
29 34 30
33 34 51
34 33 30
49 31 32
31 49 48
52 64 63
64 52 53
48 59 5
59 48 49
29 30 32
52 34 35
34 52 51
67 57 58
57 67 66
29 32 31
48 41 31
49 32 50
32 30 33
33 51 50
32 33 50
35 53 52
53 35 54
14 46 45
37 19 38
38 20 39
36 37 41
39 31 40
40 31 41
35 42 47
42 22 43
42 43 47
46 35 47
57 8 58
49 50 60
10 56 55
50 51 61
11 55 54
51 52 63
54 55 53
53 55 64
66 56 57
56 66 65
55 56 65
51 63 62
59 67 58
67 59 60
58 6 59
67 60 61
59 49 60
60 50 61
67 62 66
63 66 62
66 63 65
65 64 55
64 65 63
